0 0 0
0.00248489 0.0831185 0
-0.0545247 0.144468 0
-0.0557674 -0.077778 0
-0.0953191 0.234758 0
-0.144503 0.123481 0
-0.00993277 -0.162625 0
-0.0455465 0.300165 0
0.0504045 0.00836189 0
-0.0283645 0.373712 0
0.136041 -0.0186934 0
0.0598426 -0.183479 0
-0.141466 -0.129271 0
0.203576 0.00618378 0
0.282289 -0.0418665 0
0.361957 0.00494194 0
0.0215349 0.411748 0
0.0183682 0.504226 0
0.458906 0.00581338 0
-0.233059 0.0972441 0
0.11801 0.436457 0
0.0571656 -0.257452 0
-0.0212004 0.583137 0
-0.280243 0.151428 0
0.161058 -0.09968 0
-0.120414 0.401884 0
-0.0240514 0.662703 0
0.544493 0.0289475 0
-0.352535 0.0975224 0
0.581758 0.0740945 0
-0.419963 0.165339 0
0.0254312 -0.333044 0
-0.0673837 0.737459 0
0.623516 0.00165886 0
0.664124 0.0423177 0
0.708357 0.125476 0
-0.193798 0.46138 0
-0.431372 0.0441966 0
-0.0363326 -0.390321 0
0.00110615 0.808663 0
-0.500108 0.00547297 0
-0.048928 -0.461448 0
-0.587479 0.00838097 0
0.0101371 0.899907 0
-0.0742548 -0.550652 0
0.470671 -0.0696531 0
-0.142028 -0.611034 0
-0.648908 -0.059106 0
-0.601755 0.100622 0
0.744289 0.010198 0
-0.693888 0.0105059 0
0.807056 0.0732092 0
0.0972865 0.931755 0
-0.00283605 0.953047 0
0.00718325 -0.587823 0
0.173165 0.894514 0
0.167259 0.801785 0
0.195952 0.985196 0
0.833134 -0.0078334 0
0.898167 0.0295087 0
0.0366181 1.04009 0
-0.00217742 -0.661161 0
0.983487 0.0187821 0
0.0925531 -0.67451 0
-0.752986 0.0295531 0
1.02753 0.023273 0
0.0559795 -0.74783 0
-0.803195 0.0106026 0
0.015334 1.13424 0
-0.868886 -0.0203509 0
-0.906254 -0.0952613 0
0.0606651 1.20028 0
-0.221796 -0.659918 0
-0.271055 -0.727514 0
0.560886 -0.100708 0
0.0521199 -0.799412 0
-0.95905 -0.164968 0
0.0554781 -0.878929 0
1.12448 0.0317205 0
-0.0706982 0.856456 0
1.18292 -0.0232148 0
-0.949212 0.00266556 0
0.463207 0.0944385 0
-0.643437 0.176897 0
0.69407 0.212264 0
1.21152 0.0794783 0
0.96522 -0.0442427 0
-0.0517904 1.10156 0
-1.04077 -0.0278503 0
-0.0177817 1.25643 0
0.0479468 1.29645 0
-0.255287 -0.807955 0
0.791882 -0.073844 0
0.0659426 -0.970585 0
-1.10131 0.0349799 0
-0.12575 1.04398 0
-1.16804 0.088997 0
-0.155038 1.13745 0
-0.229645 -0.893265 0
0.0123902 -1.04312 0
-0.145084 -0.176873 0
0.0220175 1.37854 0
-1.23653 0.0806114 0
-0.00892367 1.46193 0
-1.21939 0.00398248 0
-1.31923 0.0456042 0
-1.1081 -0.0791196 0
0.0606664 -1.0889 0
0.0918468 -1.17402 0
-0.624576 -0.138477 0
-0.929696 -0.250542 0
-0.0637531 -1.10038 0
-0.151142 -1.10048 0
-1.32135 -0.0347426 0
-1.39821 0.00170551 0
1.25586 -0.0748251 0
0.0988601 -1.22784 0
0.0117829 1.54118 0
-1.37572 0.108922 0
0.0413359 -1.20662 0
0.153589 -0.752714 0
1.31016 -0.0283234 0
0.0765347 -1.31497 0
1.40072 -0.00654253 0
-1.13374 0.175944 0
0.0193773 -1.36452 0
0.0659772 -1.43122 0
0.174767 -1.16137 0
-1.00057 -0.309642 0
0.0910831 1.58241 0
1.33862 -0.124806 0
-0.0451317 -1.41833 0
-1.45548 0.132122 0
-0.00484718 -1.49268 0
1.39586 0.0704559 0
-0.0173667 -1.59038 0
-1.52338 0.0863653 0
1.39999 -0.200836 0
-1.57777 0.10292 0
-1.66343 0.154144 0
-1.5634 0.0122363 0
0.0657272 1.67882 0
0.0693949 1.72752 0
1.48379 0.0341763 0
-0.00752731 1.7227 0
-0.464786 0.239877 0
1.54516 0.0898007 0
1.5092 -0.0138107 0
0.125505 1.79621 0
-0.095673 -1.55457 0
1.61565 0.0458899 0
-1.58467 -0.07024 0
0.0728848 -1.62892 0
0.0683333 -1.69486 0
0.107456 1.85129 0
1.69664 0.0353357 0
0.00208789 -1.7522 0
0.0463956 -1.82062 0
0.174464 1.90341 0
-1.6692 -0.0308942 0
-1.60879 -0.154732 0
1.79117 0.057008 0
1.81257 -0.038335 0
-1.75102 -0.0114793 0
0.137477 1.16406 0
1.88359 0.0428184 0
-0.13266 -1.64237 0
-0.13483 -0.441258 0
0.126675 -1.86805 0
-0.0559106 -1.79173 0
0.0827722 -1.90542 0
0.135429 0.726971 0
-0.231862 -0.185567 0
-1.81729 -0.0279633 0
-0.0859509 1.73908 0
0.0186961 -1.97602 0
-1.28865 -0.116777 0
0.11172 1.96444 0
0.110097 -1.95265 0
0.119909 1.32015 0
1.96534 0.0383175 0
-1.62443 -0.206012 0
-1.20285 0.244304 0
-0.17578 -1.15335 0
0.0127714 -2.05044 0
-1.45334 0.202931 0
0.226838 -1.22072 0
-1.91323 -0.0229853 0
0.0465254 2.03414 0
-0.0325615 -2.1328 0
-0.0297737 -2.23008 0
-1.85866 -0.0900422 0
0.227417 -1.15314 0
-0.26194 -1.13249 0
-1.7209 0.146704 0
2.01498 -0.00943052 0
-0.0745015 1.81674 0
0.0114583 -2.31145 0
-1.89268 -0.164216 0
-1.97106 -0.0759206 0
2.07074 -0.0293505 0
0.051375 2.08901 0
2.04971 0.0647221 0
2.15257 -0.0288295 0
-0.00812567 2.15969 0
2.12558 -0.109223 0
-0.0867733 2.2204 0
5.74135e-05 -2.39802 0
-2.03761 -0.0154033 0
0.0333082 2.24862 0
0.022962 -2.47223 0
-0.0102889 -2.56333 0
-0.069532 -2.60513 0
-0.0285973 -2.69637 0
0.0202673 -2.77485 0
0.0470902 2.33448 0
-0.00617983 -2.82147 0
-1.01754 -0.395307 0
-0.651119 -0.191485 0
-0.0355168 2.359 0
0.0637311 -2.55762 0
-2.07953 0.0704385 0
1.66497 -0.0482968 0
-0.0703428 -2.8561 0
-2.16974 0.0372565 0
-1.3086 -0.212553 0
0.301792 -1.18087 0
0.0875036 0.500962 0
-1.09395 -0.371791 0
2.23173 -0.0281824 0
-1.43356 0.279871 0
2.29136 -0.000192589 0
-2.00905 -0.132927 0
-2.25612 0.0178314 0
0.0329786 -2.9007 0
0.251063 1.95084 0
2.32533 0.0886081 0
-1.37983 -0.258997 0
0.076739 -2.96662 0
2.25869 0.14219 0
0.0483562 2.39528 0
0.369368 -1.19653 0
0.0139226 2.47522 0
2.36707 -0.0508952 0
-2.34229 -0.000898508 0
0.0321713 -3.04735 0
2.43128 0.00229035 0
0.00980036 -3.09088 0
2.5171 0.0151656 0
2.60879 0.0371115 0
2.67532 -0.021123 0
-1.51276 0.337165 0
-0.0218058 -3.1507 0
2.35558 0.170146 0
-0.271309 -1.22315 0
0.130853 2.40313 0
-0.36736 -1.24977 0
-0.0388738 2.55928 0
2.65544 -0.11231 0
-0.988352 -0.476863 0
0.138562 2.4798 0
-2.39716 0.0564718 0
2.39696 0.242744 0
2.00519 0.154184 0
0.258427 0.991143 0
-0.267229 -0.209629 0
0.259015 1.07281 0
-1.15357 -0.429062 0
-0.140652 2.26924 0
0.146633 -2.54005 0
-2.44933 0.0111458 0
2.73119 0.00444142 0
-0.0327172 2.63568 0
-2.45075 -0.061995 0
1.66326 0.131407 0
0.610955 0.256735 0
-0.221326 2.27189 0
0.107834 -2.30956 0
-2.54623 0.0247547 0
-2.62507 0.0782979 0
-2.7098 0.0685599 0
0.00188425 -3.23531 0
0.0751483 -3.30135 0
2.79498 0.0629401 0
2.88068 0.0799579 0
-0.217289 1.2009 0
-1.43929 0.398389 0
-2.78539 0.0472057 0
-0.0506721 2.71131 0
0.222622 1.81929 0
2.90006 0.162002 0
-1.95221 -0.218371 0
-0.194574 1.04706 0
-0.102159 -1.8745 0
-0.0812315 -3.23825 0
2.90172 0.0452067 0
-1.68774 0.234927 0
0.445086 -1.13925 0
2.94918 -0.0427214 0
0.190064 -1.80263 0
-0.0857975 2.77516 0
-0.094335 2.83993 0
3.04315 -0.0140035 0
-0.391669 -1.16868 0
0.0500821 -3.37522 0
0.133453 -1.47176 0
-0.306681 2.23538 0
0.206384 -2.59576 0
1.54319 0.18618 0
-0.121293 -1.96265 0
0.509443 -1.10571 0
3.13036 0.0322221 0
3.20171 0.0133046 0
-0.0638191 1.36043 0
1.27835 0.083323 0
-0.156189 0.543732 0
2.95315 0.22247 0
-1.24172 -0.46622 0
0.890423 0.12765 0
-0.130872 0.792412 0
0.322695 2.01195 0
-1.93201 -0.290066 0
0.0240929 2.75682 0
3.22885 0.0867149 0
-2.60946 -0.00835314 0
-0.0621398 2.90558 0
-0.0677395 2.95972 0
-0.0563489 3.03669 0
-2.8766 0.0441826 0
-0.00652807 3.11219 0
0.0369971 3.17063 0
3.22048 -0.00905726 0
-2.88152 0.00670596 0
0.161771 1.52748 0
-2.96003 -0.0277389 0
-0.169559 -3.25919 0
0.270287 1.1284 0
2.76533 0.152472 0
0.770854 -0.148425 0
-0.0770759 -2.37656 0
-2.04765 -0.241197 0
-2.88666 -0.0863772 0
-3.03866 0.00204769 0
0.211394 2.5396 0
-3.12856 0.00625784 0
3.16621 -0.0862806 0
-0.192946 -1.67331 0
0.181413 2.34801 0
0.87466 -0.107949 0
-2.06168 -0.326841 0
3.26705 -0.0808831 0
0.354969 1.91904 0
0.564196 -1.02479 0
-0.0260745 3.22567 0
-2.62142 0.169837 0
3.30825 0.0550266 0
-0.668938 0.266393 0
-0.106676 3.21863 0
-3.19091 -0.0395417 0
0.250805 2.27605 0
-0.239954 -3.23781 0
-0.145506 -2.80434 0
0.0864085 -0.40327 0
-0.199765 -1.87841 0
2.98764 0.282786 0
0.0464594 3.03799 0
0.121917 3.12765 0
1.68481 0.196266 0
0.0388291 -3.44124 0
0.574764 -1.12252 0
-0.115019 -2.16651 0
-0.202055 -1.9711 0
-2.039 -0.386682 0
-0.198279 0.746526 0
0.611826 -1.18708 0
0.209935 -2.65858 0
-0.241537 0.57354 0
0.944891 -0.0974697 0
-0.510041 0.319709 0
-2.31598 -0.0838159 0
-3.26115 0.00855567 0
3.40194 0.0350388 0
-0.0818206 3.3132 0
-3.32181 -0.01572 0
0.203605 -1.51656 0
-0.131621 -2.54069 0
0.351991 1.06867 0
3.23665 0.183266 0
3.05646 0.327778 0
-2.45343 -0.14534 0
-0.189316 -3.34754 0
0.0261318 -3.53847 0
1.3935 0.135618 0
0.637036 -1.06877 0
-0.0157087 3.36125 0
-3.13331 0.0964365 0
-3.40524 0.0330491 0
0.286284 -2.67695 0
-0.668098 -0.271868 0
-0.275514 0.796288 0
-3.24436 0.0931972 0
2.67574 -0.205624 0
-0.0647739 -3.52568 0
3.44942 0.102007 0
0.0361197 3.44541 0
-2.02031 0.128435 0
0.112799 -3.56331 0
-0.223354 -2.57727 0
0.447586 1.89204 0
0.06958 3.5371 0
-3.32965 -0.0796486 0
0.257156 -1.54366 0
-0.0641431 -3.61776 0
0.737424 0.29423 0
0.0813802 3.61595 0
0.0334115 2.69825 0
-2.48907 -0.227478 0
3.2608 0.202851 0
1.74632 0.251869 0
0.137897 -3.49051 0
-0.00908263 -3.64233 0
0.187664 0.481197 0
-2.62574 -0.106148 0
0.272943 -2.58948 0
-3.4833 0.0457989 0
-0.395999 2.26897 0
0.26833 -1.79177 0
3.32452 0.253363 0
3.48726 0.0538849 0
-3.53678 -0.0329643 0
-3.60999 -0.0498659 0
0.0972055 -2.84455 0
-1.66989 -0.263059 0
0.146946 -2.98877 0
-0.270611 -3.33165 0
-0.192152 -2.16131 0
-2.5693 -0.258606 0
0.0604706 -3.71259 0
0.187899 -3.41765 0
2.90562 0.271921 0
0.283065 2.50271 0
0.056099 3.71266 0
0.142646 3.63052 0
-0.268266 -1.6132 0
0.104598 2.70465 0
-0.897447 -0.470934 0
0.719362 -0.205817 0
0.470167 -0.14265 0
0.325175 2.25586 0
1.76058 0.323832 0
-1.59078 -0.315139 0
-0.303243 1.20428 0
0.723515 -1.07131 0
1.43914 -0.283293 0
-2.7456 0.14355 0
-0.0198168 3.50612 0
-0.141652 3.37803 0
0.342852 -1.57281 0
0.395363 2.303 0
1.40396 -0.345181 0
3.57215 0.0214039 0
3.62255 0.0961409 0
3.68855 0.147107 0
0.0374693 -3.78503 0
0.493974 2.29526 0
0.379584 2.49465 0
0.105345 -3.84755 0
0.751347 0.358692 0
0.281618 -1.87146 0
-0.210879 3.35188 0
3.69556 0.226124 0
3.65511 -0.0126974 0
-3.67652 -0.0201847 0
3.77731 0.166864 0
-0.305259 -0.259515 0
3.81287 0.107449 0
-3.7648 -0.0306026 0
-1.73203 -0.282648 0
-0.0955559 -3.67977 0
-0.154146 -2.90861 0
2.8773 -0.1109 0
-3.83943 -0.018692 0
-0.968873 -0.549992 0
0.0505557 3.28136 0
0.0213992 -3.87471 0
-1.85918 -0.352073 0
0.773303 -1.13133 0
-1.47813 0.469615 0
0.375059 -1.27772 0
-0.332467 1.29018 0
0.21131 -2.91912 0
-1.14954 0.308411 0
-3.92594 -0.0273631 0
1.99496 0.230558 0
0.00436247 3.78008 0
-0.463296 2.20405 0
0.274712 -3.37834 0
0.332365 0.932901 0
-2.13718 -0.277793 0
-2.21157 0.127078 0
-0.298554 3.3095 0
2.30433 -0.12097 0
0.11757 3.78741 0
2.94571 0.353922 0
2.86076 -0.201699 0
2.03355 -0.122192 0
-0.0280846 3.84299 0
2.65469 0.108359 0
0.320484 2.57188 0
-0.342254 0.855901 0
0.565885 -0.188244 0
0.589944 2.27786 0
0.281836 0.508503 0
-4.00992 -0.0330479 0
3.33175 -0.0988773 0
3.27021 -0.169549 0
-1.05306 -0.595964 0
-1.56377 0.518465 0
0.451629 1.98625 0
0.0571699 3.89437 0
1.01221 0.0989487 0
0.162545 -3.25315 0
-0.267642 -2.1975 0
-1.35101 -0.302614 0
-0.26602 1.36407 0
-0.256133 -1.80316 0
3.75057 -0.0142315 0
0.162325 -3.92613 0
0.526703 2.00431 0
0.116737 -3.99638 0
3.7715 -0.0853827 0
1.44237 -0.436676 0
0.126343 -4.07938 0
0.239918 3.65188 0
0.0158415 3.98071 0
-4.04647 0.0376035 0
0.242172 -3.9065 0
-2.46207 0.089082 0
-3.64592 -0.101342 0
-2.64776 -0.301872 0
0.0411021 -4.00459 0
-0.0583466 3.92167 0
0.831793 -1.12602 0
3.89709 0.103548 0
0.588672 -0.242326 0
-0.195318 -0.420244 0
-4.14448 0.0208377 0
0.117457 -4.16717 0
0.678773 -1.24018 0
0.268977 1.7498 0
-0.393023 1.25708 0
3.96375 0.0574452 0
-0.0710035 3.55688 0
-2.5536 -0.304058 0
-0.0516463 -4.03984 0
-4.22502 -0.038168 0
0.217092 -3.05267 0
-0.153973 -3.50875 0
-0.937041 -0.599249 0
-0.285731 0.446162 0
3.63715 -0.10652 0
-4.29768 -0.00173782 0
-2.61506 0.24363 0
2.48539 0.279465 0
0.649941 2.35017 0
-0.0226211 4.06434 0
0.804684 0.395568 0
0.569983 2.08633 0
1.79296 0.400345 0
-0.186982 -2.925 0
-0.24422 -2.96917 0
-0.0196063 4.14589 0
-0.252139 -3.49051 0
0.130111 -4.25059 0
1.51989 -0.451867 0
0.737975 2.30798 0
-3.7723 -0.117091 0
0.673461 -0.275943 0
3.09313 0.404298 0
-0.624199 0.35123 0
0.00629098 4.2277 0
-2.45455 0.17373 0
0.736788 2.37953 0
-3.5732 0.077877 0
0.363551 -1.84526 0
0.0429256 -4.1995 0
0.395465 2.58554 0
0.837564 0.311409 0
-1.51399 0.578002 0
0.394796 -1.92354 0
0.00505866 -4.23969 0
-0.283886 -0.933912 0
-2.90488 0.0981218 0
3.40381 -0.0814737 0
0.786117 2.26135 0
4.04955 0.0646805 0
-0.574967 -0.272792 0
-0.476786 1.23907 0
-0.310139 -3.51062 0
0.42132 -1.60667 0
-3.25742 0.192159 0
-0.349213 -3.2748 0
-0.311474 -2.25665 0
0.046581 4.27778 0
-0.000178972 4.33771 0
3.64396 0.301858 0
-0.138435 3.92388 0
-0.567354 1.2351 0
2.87629 -0.287678 0
-0.388019 3.34316 0
-0.441617 -1.26983 0
-0.521482 2.28045 0
-4.03471 -0.0678287 0
0.277618 -0.134086 0
1.65823 -0.143951 0
1.01222 -0.148131 0
0.0282122 -4.31054 0
-0.414734 0.836748 0
0.0755729 4.39864 0
3.93382 -0.0305299 0
0.214669 1.33437 0
-0.120105 4.0507 0
-3.00433 0.0806098 0
-2.68172 -0.224553 0
4.03619 0.129052 0
4.1275 0.106679 0
-0.382379 0.913552 0
4.20206 0.0441939 0
-1.75666 0.264782 0
3.4593 -0.146907 0
-1.84213 0.306243 0
3.23204 -0.247747 0
-1.98506 -0.442411 0
-2.18953 0.222987 0
-4.3631 0.0691451 0
2.12929 -0.193863 0
-0.586295 2.31263 0
0.198917 3.8382 0
-3.9813 0.104034 0
1.5401 -0.516723 0
-0.47279 3.37177 0
-0.380882 -2.28792 0
1.74362 0.469153 0
4.06803 -0.0231784 0
-3.94196 0.174759 0
3.35555 -0.205054 0
0.309113 1.18455 0
-0.160067 1.83287 0
-2.72221 -0.34023 0
2.93712 -0.358941 0
-3.64311 0.147707 0
2.87981 -0.430526 0
-0.734475 0.271861 0
-0.0016588 0.182184 0
0.909915 0.326924 0
-0.34338 -1.65173 0
-1.22981 -0.545479 0
0.201916 2.7162 0
2.5603 0.312795 0
-3.68524 0.222741 0
0.085095 -4.38875 0
-0.55096 3.34684 0
1.98964 0.295753 0
-0.531864 3.41624 0
1.87911 0.39982 0
-0.459235 -2.2682 0
0.265153 -3.10651 0
0.0131306 -4.4511 0
0.771388 -1.00023 0
-0.0245832 4.41863 0
-3.93108 -0.12249 0
1.98901 -0.191393 0
1.39442 -0.523162 0
-2.80317 -0.379199 0
4.25243 -0.0392466 0
-1.91756 0.247199 0
-0.0353527 4.50868 0
-1.52204 0.677166 0
-0.478969 3.49962 0
-2.01115 -0.519231 0
3.1844 0.396666 0
0.353286 0.558173 0
0.637961 -1.30181 0
-4.42375 0.0366589 0
3.58934 0.345246 0
-1.78833 0.359146 0
4.33972 -0.0385312 0
-3.82798 -0.190021 0
4.43875 -0.033836 0
0.0189665 -4.50879 0
0.0535707 4.05576 0
-4.13377 0.117564 0
3.51486 0.372316 0
0.11993 3.23015 0
4.36033 -0.133496 0
0.347458 -3.33186 0
0.329604 -3.14033 0
-3.00518 -0.0648692 0
-0.227738 3.93173 0
4.51298 -0.095568 0
4.51797 -0.174959 0
-0.24812 3.85157 0
0.232906 0.0943232 0
0.161851 4.43442 0
0.436311 -1.96728 0
0.674182 0.40867 0
2.479 0.376425 0
-0.081561 -4.46621 0
-4.48378 -0.0306451 0
0.14825 -3.64729 0
-0.575227 3.52299 0
-0.443474 -3.29964 0
-0.361835 0.465798 0
0.413928 0.875714 0
1.07307 0.166644 0
-0.542508 -2.31123 0
-0.49357 -3.37916 0
0.321004 2.66703 0
0.0346739 -4.60313 0
-2.11097 -0.519849 0
0.851626 2.26785 0
0.387965 1.20752 0
-0.92531 -0.693494 0
0.449644 -1.5417 0
1.3339 0.189261 0
-0.339502 -0.692203 0
-4.5652 -0.00645111 0
0.0390673 4.54029 0
-0.575729 -3.38237 0
3.21952 0.479221 0
4.58528 -0.1674 0
1.38069 0.23294 0
0.527953 -1.98774 0
-2.59818 -0.36821 0
-0.538016 1.31143 0
-0.0211275 -4.66095 0
0.000829083 4.61323 0
0.153899 3.04824 0
-3.30491 -0.152093 0
-3.91108 0.258659 0
0.413702 1.04571 0
-4.12937 0.18768 0
3.73204 0.292474 0
0.627663 -1.38655 0
0.184064 -4.02886 0
-0.611978 1.17657 0
-0.392968 -0.749303 0
4.5792 -0.0216118 0
-0.0329702 4.68503 0
-1.59831 -0.39718 0
-1.45491 0.748438 0
2.40178 0.385394 0
1.78288 0.535063 0
-0.6177 -3.46389 0
-2.26542 0.246547 0
-2.22332 -0.234361 0
-0.0829835 -4.22439 0
-1.38947 -0.362813 0
0.0234106 -4.71163 0
-0.315515 3.93364 0
-0.00983747 -4.78209 0
0.293258 -2.77142 0
-0.100934 2.6088 0
0.264454 2.79388 0
0.283343 3.73 0
3.84018 0.234651 0
-3.5853 -0.176908 0
1.91384 0.46877 0
3.76829 -0.163635 0
-2.17779 -0.57888 0
0.0196658 4.73036 0
2.53882 0.415316 0
-1.95796 0.317313 0
-1.3922 0.825847 0
4.6539 -0.000234614 0
-4.51968 0.0690261 0
0.921689 0.219574 0
-1.6236 -0.488011 0
0.269711 -3.83269 0
0.123458 -4.56909 0
-0.164449 2.5567 0
2.40939 0.475465 0
-0.351862 -1.79885 0
2.99373 -0.379912 0
-1.65779 0.526265 0
2.51243 0.487995 0
-0.672645 2.35944 0
-0.0894651 -4.68811 0
-4.66023 0.00433753 0
-0.578001 1.39419 0
-4.06191 -0.150585 0
-3.674 0.310747 0
4.57755 -0.226558 0
0.0979246 -2.07879 0
-1.39394 0.902064 0
-3.99251 -0.202789 0
-2.65544 -0.441588 0
-4.29193 -0.0640207 0
0.349355 2.81415 0
3.5816 0.438063 0
4.72574 -0.0522204 0
-0.600663 -2.33339 0
0.0606413 -4.8457 0
0.677458 -1.45408 0
3.95581 -0.121741 0
-0.683681 1.21802 0
4.76711 0.0252639 0
-0.405483 -1.70498 0
-0.682911 2.44684 0
-0.258518 2.56382 0
0.254908 -4.09389 0
0.0380184 -4.91992 0
-0.33184 2.55325 0
0.0348374 4.8149 0
0.831034 -0.225175 0
3.03146 0.42524 0
0.200494 4.48532 0
-3.03653 -0.155102 0
-4.00405 -0.296504 0
-0.574297 -2.42129 0
0.713667 -1.34846 0
-4.75053 0.031141 0
0.382166 -3.19831 0
1.81355 0.616238 0
-1.45279 0.864047 0
-4.02191 -0.383424 0
-4.4002 0.115692 0
-0.295351 4.01645 0
-0.286968 -1.96664 0
2.88177 -0.499006 0
0.360712 -2.02651 0
3.28168 0.540973 0
0.497234 -1.66742 0
-2.20264 -0.666794 0
-3.25486 0.238681 0
0.126378 -2.216 0
-0.174734 -4.69409 0
0.264123 -3.45656 0
-1.56652 -0.545611 0
-0.741481 2.3446 0
4.73332 0.0895477 0
-0.360052 -1.89348 0
3.33448 0.607593 0
-2.70372 0.285613 0
-0.106993 -4.78739 0
-0.192795 -3.56901 0
-3.2781 -0.242594 0
0.319591 -3.52955 0
-4.59894 0.105757 0
-4.00445 0.242376 0
3.79105 -0.241886 0
1.66523 -0.235148 0
-1.2239 -0.627096 0
2.18091 -0.259626 0
-4.29403 0.13647 0
3.57685 0.501966 0
3.98098 -0.200776 0
0.246049 3.05261 0
3.22249 -0.327552 0
-0.596254 3.61921 0
-2.78859 0.260441 0
-0.449466 -1.09533 0
0.0401567 4.91206 0
4.68248 -0.186518 0
1.5935 -0.597581 0
4.72277 -0.14197 0
4.85616 0.0653611 0
-2.64888 -0.5289 0
0.132521 -4.62723 0
-0.550476 3.68592 0
0.493535 2.57922 0
-0.246307 -4.71279 0
0.872897 -1.19861 0
-4.58428 -0.0732934 0
-4.44489 -0.116015 0
-2.15964 0.317417 0
-2.25917 -0.734047 0
-0.437093 0.748932 0
-3.35444 0.213051 0
-0.0974712 4.6849 0
-0.156307 -4.16811 0
-0.77664 1.23536 0
0.210102 -4.68723 0
-3.97296 0.327967 0
-1.54767 -0.609904 0
-0.325769 3.80425 0
-2.9403 0.152333 0
0.281172 3.83149 0
0.221298 -4.28006 0
-1.50669 -0.685618 0
0.111606 -4.98095 0
-3.61696 -0.242641 0
-1.6777 0.601702 0
0.345327 -2.57636 0
-0.450093 -1.02307 0
-4.03178 -0.464496 0
0.127548 3.4159 0
-0.57099 3.76826 0
0.830185 -1.26014 0
1.97065 0.512773 0
0.337604 3.05308 0
-0.193 4.08164 0
-3.36919 -0.256707 0
-0.496059 1.36965 0
-0.365775 4.01839 0
0.246554 4.54943 0
-2.25752 -0.539648 0
-3.95962 0.425328 0
0.44419 1.27292 0
0.663456 2.05481 0
1.84466 0.679756 0
-0.650369 -0.365123 0
3.93453 0.255992 0
4.07414 -0.199924 0
-0.408068 4.08867 0
4.58019 -0.297055 0
0.935131 2.27634 0
-2.00021 -0.613498 0
3.986 0.315325 0
0.163128 -4.40933 0
2.84525 0.338459 0
2.91823 -0.591056 0
-0.703198 -3.44427 0
-1.55864 -0.743088 0
3.88257 -0.266662 0
-4.03289 0.418036 0
-0.0971509 4.20531 0
0.174313 -2.31267 0
3.70904 0.381124 0
-0.15399 3.04243 0
2.98046 -0.60543 0
-2.8779 -0.416215 0
0.301064 -3.93293 0
-3.34864 -0.346157 0
-0.495043 -1.28552 0
0.510793 2.503 0
-0.856688 1.2558 0
0.388392 -3.94452 0
0.44657 0.578116 0
-2.65515 0.368902 0
0.16265 -5.02917 0
-0.468649 4.0431 0
3.66216 0.547496 0
0.576056 -2.03026 0
-3.18131 0.286427 0
-2.63514 -0.621815 0
0.657903 -1.52757 0
2.84919 -0.629837 0
0.469661 1.1166 0
0.34896 -2.12057 0
-1.54252 0.83778 0
0.207015 -4.54942 0
0.226645 3.9238 0
-0.650893 1.45977 0
0.88193 2.36088 0
-0.307287 -2.89594 0
0.575715 -1.63854 0
-0.54123 3.99821 0
0.999356 2.27242 0
-4.11797 -0.188602 0
-0.438237 2.12633 0
-3.29526 0.294291 0
-0.227854 -4.09985 0
3.779 0.435279 0
0.497043 0.651722 0
-3.93156 0.505332 0
-0.504163 -1.7062 0
0.407744 -3.26593 0
-0.567853 -1.24384 0
0.296333 -4.34081 0
-0.216273 1.76158 0
-1.26835 -0.663809 0
-0.219577 -4.23366 0
0.836322 -1.34412 0
-0.596029 2.38356 0
4.04385 0.228725 0
-0.144932 -3.73927 0
-0.571748 0.433428 0
-2.11084 0.400289 0
0.40663 -3.09835 0
-4.44157 -0.192648 0
0.367531 -2.77553 0
1.66862 -0.63381 0
0.24536 4.62624 0
4.54478 -0.38754 0
0.243738 4.69746 0
-1.50089 0.938613 0
-0.328613 -4.74776 0
-1.55952 0.98047 0
-0.0265249 -4.9705 0
0.241975 4.37926 0
-4.46073 -0.248135 0
4.95474 0.0502851 0
4.05782 0.28401 0
-0.654699 -2.43429 0
-3.43092 -0.315685 0
0.334136 -4.43183 0
4.78947 -0.171546 0
-0.11004 -4.9931 0
4.98032 0.063933 0
-1.55904 1.04834 0
2.04197 -0.269512 0
-4.80691 0.0653396 0
-0.547737 -1.7888 0
0.233957 -0.223013 0
-1.51633 1.13362 0
-0.202313 4.16234 0
0.500012 1.18483 0
-4.46653 -0.321902 0
-0.800246 1.33764 0
-2.70557 0.453733 0
3.09047 0.494886 0
0.371302 -3.59995 0
-0.643841 -3.5357 0
-4.28006 0.213069 0
-0.55341 1.48693 0
1.73695 -0.587372 0
-0.739393 0.341441 0
0.586303 1.14894 0
2.45612 0.568225 0
-4.5584 -0.31047 0
0.882952 -0.293069 0
0.325181 3.12189 0
-0.299911 1.80607 0
0.406893 2.68724 0
-3.90744 0.601365 0
0.289891 -2.90876 0
-0.812695 2.29006 0
-3.91518 -0.337594 0
-2.78172 0.473721 0
-1.99783 -0.711994 0
-0.648444 1.55897 0
-0.50699 3.25938 0
0.211489 -5.06585 0
0.209772 3.41136 0
3.38503 0.653871 0
-4.08157 -0.548099 0
-2.60235 0.426036 0
0.125565 -4.85217 0
0.477216 -3.31499 0
-4.01747 -0.615688 0
-0.173925 -5.04018 0
2.10547 -0.337906 0
0.962572 2.41234 0
-4.59345 0.187962 0
1.92637 0.660772 0
-2.64579 -0.717873 0
-3.58419 0.348291 0
4.05192 -0.26523 0
3.00985 0.550375 0
-1.24351 -0.756376 0
4.67274 0.158647 0
-0.937411 1.25958 0
0.464117 2.76618 0
-3.79638 -0.241889 0
-0.199324 -3.80285 0
-3.95903 -0.646846 0
0.626997 1.20404 0
4.61678 -0.38453 0
-0.730254 -2.39582 0
0.543082 2.71647 0
-0.302505 -4.04428 0
3.49562 -0.206112 0
-0.193602 4.67625 0
-0.667475 -3.62985 0
-0.626185 -1.72747 0
-0.00423073 4.92636 0
-3.28877 -0.344987 0
-0.259935 -5.07755 0
0.0428683 -4.94695 0
2.51814 0.64387 0
0.386483 3.17276 0
4.00392 -0.33654 0
-2.06987 -0.770223 0
0.285498 -4.71058 0
-1.33358 -0.764395 0
-0.317102 -4.84277 0
-0.572417 3.24202 0
-0.759129 -3.6658 0
0.931997 -0.357634 0
0.931807 -1.34662 0
0.401704 -2.16695 0
4.86913 -0.208241 0
0.088019 4.96046 0
0.849373 2.43505 0
-2.88835 0.220325 0
0.419594 -4.44493 0
-4.69436 -0.073178 0
-0.159475 -4.49664 0
-3.33945 0.341755 0
0.474817 -3.39127 0
4.10105 0.318007 0
-0.393495 -2.85424 0
4.55497 -0.472347 0
-4.59595 0.252617 0
3.25497 -0.409913 0
-4.76486 -0.142211 0
1.00276 -1.38972 0
-1.06599 -0.649688 0
-4.89653 0.0776003 0
-0.390721 2.58361 0
0.558636 -3.38005 0
-0.721388 -3.35093 0
-4.17754 -0.552347 0
-3.2784 0.416371 0
-2.93427 -0.449339 0
4.60264 -0.542666 0
0.512589 0.887441 0
-0.41628 -4.77786 0
-0.15731 2.78109 0
-1.80039 0.444033 0
-0.433519 4.17339 0
0.421583 -2.82354 0
-0.31942 -5.00879 0
0.425363 -2.5566 0
-3.81872 0.641758 0
-0.771951 -2.47305 0
0.291933 -0.283093 0
-0.653727 3.81331 0
0.470492 -2.9094 0
-0.716917 -3.74606 0
-2.9238 0.280869 0
-0.588167 4.05186 0
0.573584 2.78437 0
-3.25914 -0.423205 0
-2.82063 0.529659 0
0.169185 5.00881 0
-0.641387 -2.27197 0
-1.15519 -0.764039 0
-4.98929 0.0668046 0
-0.676433 3.89305 0
-2.34818 -0.736702 0
5.00733 -0.00580244 0
1.81503 -0.591949 0
0.631521 -1.95669 0
-2.67963 -0.811521 0
0.267323 4.99815 0
-4.0272 -0.696882 0
1.07288 2.33545 0
-2.92823 -0.533686 0
4.472 -0.396826 0
3.29217 -0.500497 0
0.549408 0.706247 0
0.916491 0.411205 0
2.14147 -0.414567 0
-2.6642 0.522558 0
-0.740905 1.42081 0
0.471018 -3.92963 0
-2.87813 0.611097 0
-0.830223 -2.53055 0
-0.446604 -2.88858 0
0.333772 3.71929 0
1.72563 -0.70597 0
3.60899 0.629879 0
3.20765 -0.550861 0
0.281859 4.0048 0
-4.64484 0.313142 0
-4.7956 -0.196941 0
-4.60061 -0.400014 0
0.60851 2.52062 0
1.13077 0.233356 0
-0.393201 -4.01059 0
-4.63409 -0.465642 0
1.142 2.28616 0
-4.86048 0.157812 0
4.74793 0.224188 0
-0.807456 0.409264 0
-4.72943 0.335791 0
2.11957 -0.503179 0
-4.65132 -0.526695 0
-0.0646458 4.88166 0
-0.638916 4.13532 0
3.59343 0.719023 0
4.67765 -0.390125 0
-0.419382 2.62913 0
0.360066 -4.66807 0
-0.921841 1.16747 0
-3.32523 0.481611 0
3.33073 -0.440133 0
-0.318459 -2.58983 0
-4.78811 0.307961 0
-3.95639 0.657469 0
0.452074 -3.60091 0
-4.0167 0.643796 0
1.30407 0.270568 0
-0.329678 1.86328 0
-0.349574 -1.97598 0
-0.0480506 5.01582 0
-0.775573 -3.27695 0
2.17431 -0.586107 0
0.494931 -2.14635 0
0.313924 4.43867 0
-3.02859 -0.46595 0
-0.433749 2.49604 0
0.490466 -2.48772 0
-2.59037 0.582127 0
0.949355 0.466673 0
-3.85342 0.702968 0
-4.89041 -0.188521 0
-0.574292 -3.66411 0
0.297337 -5.01803 0
0.362485 3.25515 0
1.04018 -1.47971 0
-0.805284 -3.3414 0
-0.277633 -3.60095 0
-0.74601 2.52027 0
0.559821 -3.28671 0
-0.668408 -1.80799 0
-3.84097 0.549647 0
0.461106 3.18336 0
-0.893431 1.35863 0
2.25337 -0.547182 0
-2.19753 -0.805239 0
1.22786 2.27993 0
-4.56366 0.320585 0
-2.62347 0.640937 0
-0.647163 3.59641 0
0.536891 -3.89729 0
-0.835342 -3.72162 0
4.66741 -0.473826 0
-4.1037 -0.724337 0
3.00894 0.627261 0
0.428848 -4.02768 0
0.658436 -2.02429 0
3.09528 0.628316 0
1.07567 -1.41254 0
-0.744325 -1.82005 0
3.57089 -0.24643 0
-0.179801 4.74216 0
0.281366 -4.80833 0
-1.51666 1.22863 0
1.15562 2.38353 0
-2.16936 0.475699 0
-0.760913 2.60701 0
3.09248 0.702494 0
2.60198 0.694471 0
-4.07107 -0.814338 0
1.15917 -1.3892 0
0.0555583 -4.97928 0
0.465612 -4.08287 0
4.66157 -0.589838 0
0.406799 2.88669 0
0.353454 -4.26483 0
-0.767534 3.90527 0
-0.849021 2.30441 0
0.508406 -3.22169 0
-2.69963 -0.866157 0
1.72377 -0.767011 0
1.18648 2.4304 0
4.99387 -0.103731 0
0.822655 -1.42629 0
-0.397975 -0.829945 0
-4.48717 0.371013 0
0.725254 -1.56918 0
-0.378126 2.67476 0
-3.22072 0.493375 0
3.38028 -0.494861 0
0.593355 -3.95413 0
0.668529 -3.91764 0
-1.35492 -0.844621 0
4.7332 0.280464 0
-0.514733 -1.35972 0
1.74236 -0.859449 0
4.96327 -0.216088 0
0.791238 -1.63364 0
-0.823572 2.67772 0
0.131541 -4.9441 0
-4.21192 -0.629307 0
-0.744384 -2.30391 0
3.82042 0.470283 0
0.854184 -1.70771 0
5.00453 0.142983 0
4.95402 0.0421744 0
-0.781047 2.74642 0
-4.97998 -0.00500316 0
-0.904404 2.72881 0
-0.964411 1.34706 0
0.581442 1.07509 0
-4.28784 -0.662611 0
-0.869408 -2.61119 0
-0.817429 3.83195 0
0.696538 -3.96816 0
-0.436599 -4.07426 0
-2.88362 0.672602 0
-4.88507 0.28819 0
-3.82116 0.794031 0
3.75557 0.575478 0
0.733674 -4.05218 0
4.7031 0.347867 0
-2.89707 0.763067 0
0.305388 4.74115 0
-1.34142 -0.933915 0
0.0883679 -0.487236 0
-0.69084 3.58913 0
-0.694588 -3.81505 0
-0.267493 4.65257 0
-0.881339 -3.38238 0
3.49462 0.70652 0
-0.48628 -4.7995 0
-1.60591 -0.808776 0
-0.822455 -1.76435 0
0.720974 -2.08555 0
0.803499 0.493089 0
0.385269 -4.99789 0
-0.0549208 -4.97203 0
2.64497 0.776041 0
1.9765 0.693705 0
-4.92076 -0.269097 0
0.828297 2.50686 0
2.83023 -0.70005 0
0.565025 -2.5139 0
-1.62411 1.06004 0
3.05526 0.7873 0
-0.581896 4.17734 0
-0.66481 -2.1806 0
2.15955 -0.656391 0
0.869594 -1.01643 0
-0.194368 4.82563 0
-0.514586 -4.08735 0
0.680468 -2.15095 0
3.73213 -0.297504 0
-0.928899 -2.52378 0
-1.71077 1.04362 0
-0.557635 -4.84857 0
3.68806 0.704275 0
-1.018 1.14982 0
2.95021 -0.691636 0
-0.622016 -1.31872 0
-0.487907 -4.87888 0
0.41277 -4.59224 0
0.563107 2.87087 0
-1.03664 1.38003 0
-0.92226 1.42597 0
0.635762 -3.36532 0
0.438829 1.36344 0
4.96063 -0.177542 0
0.339825 3.8846 0
0.397549 -4.97803 0
-0.803868 1.48809 0
0.433191 -2.62985 0
1.24025 -1.34429 0
2.31624 -0.622103 0
3.27321 -0.599505 0
-4.10215 0.476225 0
4.07281 0.406912 0
-1.40168 -0.982206 0
4.95201 0.199069 0
-0.854745 1.51063 0
-1.47281 -1.02492 0
0.487918 3.26802 0
-4.97971 -0.251516 0
-0.897262 2.81492 0
0.649363 2.91676 0
-3.92227 0.753617 0
-0.968174 -3.39942 0
0.0211744 -5.03109 0
-1.7557 0.646569 0
-4.89886 0.345259 0
-2.78291 -0.901779 0
-0.83629 -2.34066 0
-4.93925 0.326044 0
1.32678 2.26606 0
-1.68186 -0.870698 0
-4.09819 0.695247 0
0.814623 -2.07766 0
-0.908004 -1.79604 0
0.605129 2.99165 0
0.386362 3.78248 0
-0.240906 4.24966 0
-3.31203 -0.507012 0
-0.416611 -4.16812 0
-1.71683 -0.944079 0
0.435195 -4.69012 0
1.14896 -1.47275 0
1.03401 0.497401 0
-0.809187 1.54981 0
0.314239 4.02273 0
-2.77479 -0.986286 0
-1.54653 1.32224 0
-4.71111 0.404924 0
-4.09693 0.782347 0
3.17041 0.762696 0
-4.88246 -0.347072 0
-0.778018 -3.86815 0
-1.41782 -1.08488 0
0.140964 4.95754 0
0.382052 4.38805 0
2.03194 0.736648 0
-0.865376 -3.90581 0
-0.0645007 -5.03646 0
4.75724 -0.4823 0
4.13678 0.334656 0
-1.50281 -1.13538 0
-0.917798 -3.72778 0
3.17154 0.837743 0
0.882365 -2.143 0
-0.317662 4.70889 0
1.32246 -1.32976 0
-3.32884 0.576384 0
4.74985 -0.339032 0
0.506632 3.32031 0
-4.96177 0.39738 0
0.620193 2.76248 0
-0.802829 -3.98228 0
-0.674248 -1.27643 0
3.51911 0.78857 0
-4.97123 -0.19702 0
-0.389783 -5.0277 0
-0.566447 -4.94554 0
3.83157 0.63645 0
-5.01316 -0.3253 0
5.027 -0.196096 0
-1.7925 0.696345 0
-0.710463 2.73706 0
-0.447651 4.25713 0
-5.02147 0.36959 0
0.402099 4.04639 0
-2.85072 0.836343 0
1.25705 2.49375 0
-0.648285 -4.97323 0
-0.478458 4.33559 0
4.07059 -0.410901 0
-3.00838 -0.551732 0
1.10385 0.558209 0
0.0333774 -4.97437 0
-0.503748 4.42004 0
-2.87313 -0.881396 0
-0.942593 -2.62855 0
1.18082 -1.5487 0
-4.04895 -0.897273 0
0.22995 -4.9443 0
0.461926 -5.01077 0
-1.61769 0.821921 0
-0.920558 -0.782417 0
-1.64645 1.32118 0
4.04329 0.491325 0
4.95876 0.276401 0
4.95984 -0.279236 0
-0.943148 1.5341 0
-0.518498 4.51841 0
-0.315439 -2.68193 0
1.68766 -0.909685 0
-1.0562 -3.4357 0
-0.799174 3.98927 0
3.42566 -0.566109 0
-4.97335 0.365203 0
-0.919815 2.36153 0
-4.37405 -0.658064 0
-5.01378 -0.277219 0
5.02416 -0.0959652 0
-0.707109 -1.34493 0
-0.87675 -2.70292 0
-4.96612 -0.178733 0
-0.137395 4.91175 0
3.23574 0.879328 0
-0.689509 -4.91236 0
-0.540952 4.59826 0
0.291071 3.38948 0
4.85122 -0.488451 0
-0.697479 -4.89979 0
-1.75304 0.956598 0
0.502233 -4.16979 0
-2.18378 0.567295 0
-1.60004 -1.12811 0
5.01485 -0.265378 0
-0.76974 -4.96869 0
0.276768 -4.98379 0
0.742863 2.92856 0
-0.0416816 4.95146 0
3.34545 -0.662741 0
2.32658 -0.703478 0
-2.1162 0.618497 0
-1.78103 0.989553 0
-0.830984 -4.94118 0
4.95784 0.335905 0
-1.64771 -1.20092 0
-0.568756 4.67502 0
1.87452 -0.650299 0
-2.74214 -0.742103 0
2.55349 0.78947 0
0.707536 1.14615 0
-0.361403 -4.96279 0
-1.83007 1.04882 0
2.63455 0.86386 0
0.0399313 4.98171 0
-5.01678 -0.0548226 0
-0.351943 -4.95505 0
0.0946983 -4.96648 0
4.67815 -0.674885 0
-1.38127 -1.1634 0
-1.55962 -1.23091 0
-2.86302 -1.02007 0
-0.0509425 -5.018 0
0.638363 -2.54856 0
4.96431 -0.280515 0
-0.968406 1.62924 0
3.35156 -0.723479 0
-2.97166 0.671222 0
-0.545007 -3.75706 0
-4.96496 -0.235311 0
-1.36967 -1.25952 0
4.89536 -0.522497 0
4.43798 -0.443611 0
0.796701 0.561045 0
-0.594725 4.45405 0
-4.13956 -0.911289 0
-0.905967 -4.93551 0
0.537622 -4.96482 0
-0.64719 -4.94342 0
0.499881 -4.2624 0
0.92098 0.53419 0
0.419065 4.47534 0
4.98476 -0.175076 0
0.506885 -5.01223 0
-5.00761 0.435309 0
2.10816 0.763499 0
-0.0233177 4.97639 0
-3.75286 0.821662 0
0.413492 -4.97856 0
1.26387 2.56772 0
3.30638 -0.805311 0
-0.997405 -2.68859 0
-0.652657 3.28658 0
0.318641 5.0219 0
-1.00736 -3.75304 0
0.599941 -4.97008 0
1.11949 0.324146 0
-0.162472 5.00813 0
2.32941 0.533777 0
-4.45875 -0.70289 0
3.60692 0.82837 0
0.368394 -4.84649 0
0.31848 5.01923 0
-2.74627 -1.05799 0
-0.381935 4.7647 0
0.580262 -4.13515 0
1.10546 2.43854 0
2.11389 -0.70506 0
-0.85463 -1.84371 0
0.372338 3.41243 0
1.8035 -0.755507 0
-3.3828 -0.538102 0
4.98777 -0.155387 0
0.416772 4.13569 0
4.06792 0.571735 0
2.39852 -0.761812 0
0.697312 2.76031 0
-0.925493 -3.96035 0
-0.468616 4.80219 0
3.51353 -0.57859 0
-4.81514 -0.39864 0
3.82709 0.725493 0
-0.105327 -5.03501 0
-4.19309 -0.721795 0
-0.534193 -0.988082 0
1.37724 -1.3431 0
0.644791 -4.89743 0
0.55631 3.36682 0
3.50726 0.856025 0
0.500099 4.44837 0
0.760287 -4.14104 0
0.117892 -4.99736 0
-0.0916516 -5.01407 0
-1.51198 1.40386 0
4.04288 -0.489838 0
0.879646 2.58158 0
1.45765 -1.33235 0
3.03266 0.865942 0
4.75973 0.426951 0
-0.19223 -4.97111 0
4.99183 -0.51013 0
-1.9158 1.00307 0
3.82681 0.821887 0
-1.70609 1.2487 0
4.62365 -0.720479 0
-3.26951 -0.591815 0
-4.48492 -0.798581 0
-0.38541 -0.605346 0
-4.6244 -0.583293 0
0.688445 -4.8393 0
-0.486689 -2.8084 0
3.95093 -0.522779 0
-3.42849 -0.626579 0
-0.859045 -1.68301 0
-2.98832 0.739542 0
-1.83688 1.14665 0
-4.89009 0.421242 0
-1.08759 1.32839 0
-1.09669 -3.74961 0
-1.74544 -1.18031 0
-0.792788 -4.04921 0
-4.65173 -0.659132 0
-4.97416 -0.251143 0
4.86759 -0.618092 0
-0.716683 2.8151 0
-0.954229 2.88707 0
-0.235484 5.03096 0
3.85172 0.916363 0
-0.31807 -2.51237 0
-0.847886 3.74398 0
1.70662 -0.990017 0
0.546695 3.14463 0
2.24566 -0.695405 0
-3.71586 0.898058 0
0.495466 4.36624 0
0.771936 -4.21391 0
0.677301 -2.45802 0
-0.734166 3.50019 0
-2.31375 -0.821185 0
0.592291 3.44649 0
4.95178 0.238672 0
0.995647 0.589547 0
-0.538489 -4.718 0
0.745683 -2.49347 0
4.58136 -0.794438 0
-4.95915 -0.365899 0
-1.13603 -3.8177 0
-3.44924 -0.722891 0
-0.886166 2.24617 0
3.91895 0.839918 0
0.935747 0.666997 0
0.557451 -2.87015 0
0.813294 2.9982 0
-3.08376 0.734488 0
-1.13689 -3.40316 0
0.550124 -4.32334 0
3.95424 -0.574549 0
-0.752867 2.88012 0
-0.568461 -2.85857 0
2.29472 -0.774576 0
-0.921529 2.97375 0
1.81745 -0.861151 0
0.937728 -2.22145 0
1.51856 -1.34907 0
-2.90519 -0.801189 0
-4.73543 0.493718 0
3.31148 0.916642 0
-0.938637 3.04742 0
0.55796 3.49276 0
0.994546 -2.28236 0
0.511352 4.54682 0
3.99062 0.895413 0
-5.03512 0.126213 0
0.732287 -3.36063 0
-1.41662 -1.34649 0
1.33383 2.60691 0
-1.51644 1.50348 0
-0.585547 4.77023 0
4.01742 -0.631034 0
4.07567 -0.696276 0
-1.92228 -0.666092 0
4.9932 0.163915 0
1.35053 2.48788 0
0.531512 -4.40925 0
-0.0755072 4.97508 0
-1.00256 -2.49562 0
0.586043 3.57735 0
4.68459 -0.79956 0
1.04764 -2.34225 0
-0.0652505 5.01239 0
-4.71533 -0.720736 0
-0.730101 -4.96308 0
-1.35119 -1.40435 0
-4.5642 -0.856908 0
-1.05766 -2.57201 0
-3.75732 0.959541 0
-3.51724 -0.772383 0
1.40057 2.67328 0
-1.66796 -1.24472 0
5.00974 -0.0294784 0
4.15821 -0.731923 0
0.717613 -1.95523 0
-3.37215 -0.770892 0
-1.95633 0.954101 0
4.95341 -0.353578 0
-0.896148 3.85073 0
-0.915207 -4.87473 0
-1.21341 -3.45407 0
-0.997956 -1.83046 0
-1.02235 2.9375 0
1.00407 0.73994 0
3.52028 0.945163 0
-1.60836 1.5331 0
-0.816409 -2.26629 0
0.466597 -5.00013 0
-0.150144 -4.99668 0
0.00776257 5.01896 0
1.41244 -1.41631 0
-3.3477 -0.858338 0
4.02101 0.986279 0
1.74636 -1.06437 0
-0.525387 4.86867 0
5.02226 0.408355 0
1.89124 -0.926046 0
3.99334 1.0818 0
-3.82241 0.920406 0
-4.95121 -0.445671 0
-4.16903 0.741218 0
-0.885668 -4.88672 0
4.97296 0.246675 0
0.182216 5.02304 0
-0.909632 3.924 0
-3.13939 0.782418 0
0.729596 0.63072 0
-1.42964 1.521 0
3.54393 -0.658801 0
-0.872899 -4.10286 0
-0.906507 1.67802 0
0.887358 2.93979 0
-0.575916 4.93574 0
0.473035 -4.95938 0
-0.475925 -4.99889 0
4.9064 -0.652142 0
0.000212009 -4.94568 0
0.259253 5.01199 0
-4.02764 0.825822 0
-4.94038 -0.492584 0
-0.858747 3.05756 0
-1.95055 0.889246 0
1.42711 2.48586 0
-4.98518 -0.55015 0
-1.81248 -1.23921 0
-1.06882 -1.83379 0
-0.887757 -2.24485 0
-0.999813 -4.84937 0
3.27204 0.965273 0
0.666035 3.59099 0
0.163057 4.97001 0
3.46089 0.952582 0
-1.76561 1.32075 0
1.98532 -0.913363 0
0.409969 -4.95535 0
-0.626955 4.83365 0
-0.670298 4.72013 0
-0.713826 -2.11526 0
-0.352784 -5.01328 0
1.73869 -1.14578 0
4.75472 -0.839763 0
-0.755228 -1.22023 0
0.816591 -4.25198 0
-1.90295 1.17868 0
5.02318 -0.191919 0
0.0434434 -4.99267 0
0.590625 -3.19199 0
-0.7008 4.8612 0
4.95548 -0.486948 0
-0.694875 4.95071 0
0.460459 3.99514 0
-1.88127 -1.21589 0
-4.59166 -0.947401 0
4.03558 0.607243 0
-1.05212 -4.87545 0
0.838396 2.85327 0
-4.01535 0.907392 0
-4.62802 0.447243 0
-4.51055 0.429188 0
-0.976757 -4.84794 0
-2.24914 0.60377 0
-0.775984 4.96596 0
-4.99435 -0.203894 0
4.93372 -0.730922 0
-0.278578 4.97215 0
4.13029 0.469249 0
4.68058 0.468022 0
0.606021 4.56885 0
-2.19887 0.681519 0
-2.01379 0.899075 0
1.18381 0.546825 0
-5.01152 -0.375762 0
4.2272 0.482175 0
0.251632 -4.96921 0
-0.981624 2.39632 0
3.91024 1.1255 0
-0.0327193 4.9901 0
-1.83892 1.36536 0
-1.03857 2.97959 0
-0.651702 4.5156 0
-0.982531 3.08688 0
-0.0970821 -4.95379 0
-1.09822 -2.65886 0
0.340596 4.80297 0
-2.69761 -1.14349 0
-3.40177 -0.910832 0
-0.912261 -4.14586 0
3.59124 -0.741138 0
-0.192255 -5.00025 0
-4.95571 0.275918 0
0.522971 -4.97766 0
-1.11871 -2.57128 0
0.568801 3.65803 0
-0.801917 4.08791 0
3.30429 -0.870384 0
4.29136 0.419167 0
-5.01274 -0.460345 0
-1.08595 -4.86709 0
4.28574 0.492845 0
-4.39069 -0.808151 0
-1.05889 2.44053 0
-0.992697 1.71185 0
1.81871 -1.18672 0
-4.86207 -0.521725 0
-4.78077 -0.657393 0
-1.11723 3.02757 0
-0.838449 4.89403 0
-2.72523 -1.21881 0
0.0186778 5.03974 0
1.00202 0.813776 0
-0.954028 2.25152 0
1.58958 -1.34518 0
-4.95888 -0.291765 0
-1.05608 1.64562 0
-2.29061 -0.912425 0
0.892349 -4.31701 0
-4.98008 0.365079 0
0.749433 1.20298 0
0.131362 -4.9638 0
0.770344 -4.88948 0
0.526268 4.62465 0
1.81427 -1.05926 0
-1.00104 -4.106 0
-0.679149 -4.96127 0
0.640323 -2.81721 0
1.83443 -1.2722 0
4.63717 0.554434 0
0.862448 -4.9122 0
-5.00087 0.506203 0
-4.01573 1.00094 0
3.48663 1.03587 0
0.635863 3.39131 0
-1.12908 1.61435 0
2.77677 -0.737499 0
-1.68338 1.5655 0
-0.713954 3.26252 0
-3.2127 0.794772 0
-0.0707323 4.97878 0
0.734657 3.63905 0
0.542109 -3.4528 0
0.827199 -3.3806 0
-0.938444 -4.91951 0
3.94198 1.16745 0
-0.277814 4.94072 0
0.161682 4.97887 0
-4.10153 -0.986542 0
-0.898887 3.14295 0
0.828205 -2.5476 0
0.515404 3.74036 0
1.10164 -1.54794 0
4.94683 0.248587 0
-4.56863 -1.02008 0
1.47611 2.63401 0
-1.27603 -3.46279 0
4.01284 1.22854 0
-0.831584 4.93205 0
-1.12112 -2.74967 0
4.10733 1.02982 0
-1.48107 -1.40384 0
-4.67694 0.558164 0
-4.22599 0.695432 0
-0.19317 4.98049 0
0.943745 -1.67982 0
-5.04236 0.578526 0
-5.00345 -0.426104 0
-5.02957 -0.00112993 0
1.22679 -1.56708 0
-1.44014 -1.47324 0
0.0342224 -5.01578 0
0.818084 1.26051 0
-4.21489 0.823668 0
-4.31885 0.664127 0
3.25098 -0.942242 0
2.26009 -0.855026 0
1.04137 -2.43583 0
-3.54145 -0.863613 0
2.97178 0.919336 0
-3.95339 1.04816 0
-4.99961 -0.263746 0
-0.274851 4.97456 0
0.840574 3.08698 0
5.02203 -0.0762392 0
-4.92667 0.496843 0
-1.89417 1.30995 0
4.7997 0.509941 0
-0.72062 4.90491 0
1.46935 -1.49563 0
4.94419 0.343855 0
-4.08934 1.04981 0
0.180163 -5.04011 0
-4.63652 -1.04227 0
0.784638 3.64505 0
1.1256 -2.37595 0
-5.01934 -0.221173 0
-1.21199 1.65297 0
-2.81846 0.918021 0
-0.0982764 4.99516 0
0.793426 -4.96032 0
-3.65448 0.967618 0
3.29943 -0.988297 0
-4.58593 0.597436 0
-1.85692 -1.12935 0
2.76744 -0.817645 0
1.13986 -2.43064 0
4.12342 1.05505 0
-1.74154 1.64516 0
-0.821174 -4.92687 0
0.369565 4.20092 0
2.98676 1.01712 0
4.26032 0.558691 0
-2.09287 -0.827981 0
0.97884 -1.76403 0
1.53102 -1.51809 0
1.90568 -1.33762 0
1.20076 -1.63685 0
4.96549 -0.549354 0
-1.11283 1.70319 0
-4.76944 -0.778805 0
-1.06234 -2.4587 0
1.19953 -2.3401 0
0.703573 4.57799 0
0.249705 -5.03241 0
-1.09952 -4.10276 0
-1.28754 -1.43987 0
4.75182 -0.931202 0
-3.64602 1.03915 0
-1.49227 -1.4985 0
1.32688 2.73753 0
2.21263 -0.935231 0
0.725702 -2.77762 0
2.69097 0.943255 0
0.804784 -2.83002 0
-0.355595 5.02254 0
0.478031 4.1927 0
-1.32233 -3.54813 0
3.97756 -0.700306 0
2.16202 0.844111 0
1.41493 2.40591 0
-1.704 -1.32711 0
-5.01603 -0.479337 0
-4.98057 0.182048 0
0.938089 -4.8997 0
-1.41087 -3.5344 0
-0.927012 3.23228 0
-2.73796 0.939664 0
3.95485 0.769107 0
4.67396 -0.976745 0
-1.14364 3.10845 0
0.93666 2.99732 0
4.99363 -0.579626 0
3.00665 1.06826 0
4.03337 1.30872 0
3.58555 -0.834014 0
0.604782 -4.9964 0
-0.732218 4.51498 0
-4.42806 -0.883697 0
0.887771 -2.60317 0
3.96764 -0.76063 0
-0.500322 4.96554 0
0.887143 -2.85781 0
1.00011 2.93399 0
0.779563 4.5784 0
-1.93425 -1.29958 0
-4.70726 0.591843 0
-1.14952 -4.04699 0
-1.23225 -4.0702 0
0.977292 -1.84416 0
-3.65802 1.11152 0
2.436 0.650959 0
-4.77701 0.640049 0
-3.43491 -0.971355 0
-0.8952 -4.23098 0
0.341751 4.99525 0
-3.29228 0.826361 0
-2.87915 -1.11495 0
-1.23668 3.14363 0
0.98624 2.86833 0
-1.03929 2.87126 0
0.970561 -2.82857 0
1.45914 2.73161 0
-2.79668 -1.25724 0
0.788995 1.11847 0
1.1881 -2.5154 0
4.04416 1.3805 0
4.09706 1.40826 0
-1.91013 1.36895 0
2.28708 -0.958842 0
-1.29811 -4.01942 0
-4.13481 1.11337 0
-4.7281 -1.08209 0
-1.27759 -4.13785 0
0.650511 4.65428 0
0.412754 4.94197 0
-0.749965 -4.89706 0
-3.63858 -0.866248 0
-4.16606 1.19366 0
-0.977312 -4.25553 0
-2.95428 -1.16266 0
4.94293 -0.814977 0
-1.98154 1.11933 0
-1.20148 -2.74875 0
-1.08684 2.34877 0
0.979738 0.908376 0
4.20901 0.136369 0
-0.888417 4.108 0
-3.59421 1.14944 0
0.877173 1.12227 0
-0.472297 -4.94988 0
0.883341 -3.44538 0
1.0637 2.85352 0
4.19304 1.01717 0
3.53897 -0.908951 0
0.178579 4.94559 0
-4.21673 -0.949555 0
3.55286 1.10256 0
4.24556 1.03022 0
4.99611 -0.607209 0
-4.98304 0.463386 0
0.922653 -4.8154 0
1.04076 -1.88455 0
-3.02015 -1.21748 0
4.67907 0.597097 0
0.942401 -3.40016 0
-3.15899 0.863303 0
-0.968452 -2.23907 0
4.85368 0.535421 0
0.586865 4.72485 0
1.03188 -3.37393 0
-1.32835 3.14167 0
-4.83717 -0.774279 0
0.961355 -2.90051 0
-0.850835 -1.19906 0
-1.27982 -3.94239 0
1.08882 -3.45047 0
-0.982502 3.28889 0
0.287709 5.02846 0
-4.99748 0.62189 0
-5.01662 -0.114854 0
-1.35332 -3.89547 0
-1.83234 1.65027 0
0.707883 -3.45296 0
0.855948 3.18157 0
0.553775 3.9938 0
0.57389 -4.99708 0
0.819982 3.5598 0
5.02237 -0.396569 0
0.945707 1.19088 0
-1.54043 -1.52489 0
3.61797 0.951631 0
0.520086 1.40064 0
3.94992 -0.856126 0
-1.72143 -1.39114 0
-1.23769 -1.51634 0
-1.21465 -2.84627 0
4.31345 0.596383 0
-1.50102 -3.5488 0
-1.06395 -2.2163 0
-1.20804 -3.78841 0
0.756052 -3.87318 0
4.94716 0.543071 0
-3.71607 1.1461 0
-2.86274 -1.3241 0
-0.25436 -5.02932 0
4.25364 -0.722336 0
-1.28942 -2.76385 0
0.87787 3.64138 0
1.25814 2.80287 0
0.308487 -4.96744 0
0.979914 -4.84576 0
3.99753 -0.881345 0
-0.258053 -5.00114 0
-4.75084 0.731713 0
3.56382 1.18981 0
-1.34999 -4.13466 0
3.22656 -0.984022 0
4.12075 1.4644 0
4.97351 0.341133 0
4.94023 -0.732006 0
-4.31322 0.83197 0
4.9346 0.598769 0
1.5701 2.63956 0
-1.07528 -4.91618 0
-1.43084 -3.94782 0
-0.751003 4.71429 0
4.11166 1.56125 0
0.818985 -4.00106 0
4.30986 0.956752 0
-0.822811 3.51923 0
-0.660342 4.91749 0
-5.04533 0.705838 0
4.93318 0.626759 0
3.27997 1.03105 0
4.9394 0.673952 0
-4.35117 0.898301 0
-0.852069 3.60999 0
1.412 -1.56602 0
1.96375 -1.39915 0
-1.40171 -4.16541 0
2.22393 0.889288 0
-0.951488 -4.88341 0
4.88497 -0.788714 0
-3.606 -0.951193 0
4.07035 -0.92631 0
-1.48439 -4.13336 0
4.11867 -0.974275 0
-1.83145 1.73029 0
-1.88402 1.59483 0
0.22962 4.98284 0
5.03822 -0.00658743 0
1.17319 2.852 0
0.328966 -4.95844 0
-4.40979 0.83526 0
-0.65582 -2.82096 0
1.17883 -1.72505 0
1.26345 -1.69716 0
-0.920091 3.65046 0
4.95737 0.503684 0
0.861948 4.55678 0
0.159227 5.02378 0
-1.92534 1.65564 0
1.06582 -4.84937 0
4.58744 -1.00372 0
-0.900468 4.88955 0
-4.96754 -0.155715 0
-2.92568 -1.39557 0
-4.42839 0.918399 0
3.30683 -1.07699 0
-3.68871 -0.987143 0
4.89716 -0.87247 0
-4.95309 -0.329298 0
-1.58846 -3.515 0
-4.1307 1.24759 0
3.3802 -0.987006 0
-1.16724 -1.82442 0
-3.58981 -1.04942 0
-0.969539 4.08075 0
-0.946016 4.86418 0
-1.94507 -1.39364 0
0.84036 4.64887 0
-3.61614 -1.13281 0
-0.923154 -2.77841 0
4.15775 1.64892 0
-4.97322 -0.480694 0
0.974469 -4.35372 0
3.66473 -0.882729 0
1.75924 -1.33684 0
-1.17321 -1.91525 0
4.40681 0.978824 0
0.878648 1.32346 0
-2.01501 -1.43872 0
4.94741 0.458656 0
-1.87674 1.81788 0
2.73995 1.01211 0
-4.82091 0.771023 0
1.16428 -3.51182 0
-1.87657 -1.45477 0
1.78007 -1.4314 0
-1.35472 -2.74327 0
-1.13916 -4.78358 0
0.152624 4.96795 0
1.37913 2.19004 0
0.918756 3.25067 0
4.97662 -0.746365 0
4.04851 1.52622 0
1.15292 -4.81041 0
-5.04192 0.166943 0
-4.31681 0.937013 0
-1.57774 -1.61284 0
-4.74978 0.80526 0
4.15533 -0.880364 0
-1.38971 -1.55069 0
-2.00253 1.37118 0
-2.94529 0.832041 0
-1.09116 -4.8836 0
-1.24956 -1.91608 0
4.07211 -1.02319 0
0.455762 4.99122 0
1.23285 0.601176 0
1.10325 -3.56044 0
1.25027 -3.53417 0
1.99922 -1.32012 0
0.608837 -4.95337 0
-4.79679 -1.02274 0
3.05038 1.12088 0
0.517487 4.91447 0
3.04682 1.21965 0
1.87233 0.772566 0
-0.704462 4.97631 0
-4.23257 1.11151 0
4.15117 1.7424 0
2.10849 0.859762 0
-2.0491 -1.48348 0
4.23419 1.7071 0
4.59224 -1.09509 0
4.08807 -1.11592 0
-4.65441 -1.11973 0
4.06574 -1.18504 0
-1.38434 3.22196 0
-3.72284 1.22627 0
2.01192 -1.4639 0
0.914889 4.4922 0
0.967758 -4.44658 0
-3.69311 1.31838 0
-2.1441 -1.45699 0
4.85961 0.7039 0
0.831736 -4.09593 0
0.955519 -4.89674 0
1.84804 -1.49329 0
-3.737 1.36668 0
4.47219 1.02148 0
4.95031 -0.475965 0
-4.96508 0.606191 0
-1.04757 -4.28779 0
1.07014 0.934418 0
4.21138 1.81195 0
-3.67964 1.4263 0
4.17864 -1.11413 0
4.55367 0.965059 0
-0.466686 4.94169 0
2.22459 0.985684 0
-1.25782 1.73203 0
-0.809429 4.67342 0
1.22611 -4.81022 0
-0.355316 4.96361 0
-2.04086 -1.55658 0
5.01074 -0.513178 0
0.447439 4.99846 0
0.462727 4.99563 0
-2.98203 -0.795905 0
1.10627 0.856413 0
-1.11739 1.76585 0
-0.626701 4.93764 0
-1.48383 -3.91032 0
2.33704 -1.03693 0
1.07614 1.00481 0
-2.73433 -1.32585 0
1.61901 2.6813 0
4.52535 -1.12675 0
1.79185 -1.5459 0
0.591692 1.45083 0
-2.66617 -1.37365 0
4.7522 -1.02422 0
4.90436 0.715058 0
-0.477287 -4.66272 0
0.011974 -4.97212 0
-0.999524 4.1577 0
0.125003 -4.99355 0
-2.94959 0.906255 0
-1.06405 4.16677 0
-1.15169 1.84713 0
-1.39416 -2.8083 0
-4.9626 0.356593 0
1.0737 2.98155 0
-4.86906 -1.0878 0
0.905913 -4.08527 0
-1.55181 -4.19903 0
-3.60265 1.47465 0
-0.0991164 5.01901 0
-5.02878 0.156125 0
-4.40724 1.00544 0
-0.74835 -4.973 0
4.93172 0.579885 0
2.04657 0.527725 0
-3.62691 -1.20082 0
1.38578 2.81153 0
4.23458 1.88341 0
0.819878 -4.9269 0
4.936 0.439817 0
-4.48428 -1.0324 0
0.438877 5.0746 0
1.15618 3.02947 0
-1.47981 -2.7877 0
-3.09672 -1.24995 0
-2.70954 1.01094 0
-5.01376 -0.481345 0
4.26471 -1.15824 0
-1.4639 3.26211 0
0.561969 3.89818 0
-1.52319 3.29507 0
-3.00428 -1.45289 0
1.33669 2.84967 0
-4.9722 0.206485 0
-1.59615 -1.71099 0
0.638797 4.00484 0
0.610858 4.89915 0
-4.27002 -1.03053 0
-1.53226 -2.73466 0
-0.996684 3.89871 0
0.963568 4.46235 0
-2.27843 -0.966194 0
1.26302 -4.72577 0
1.31803 -3.59094 0
4.79853 0.763552 0
-1.54857 -3.92867 0
1.60098 2.77301 0
1.59097 -1.57851 0
-1.03629 -4.92308 0
-4.93591 -0.5538 0
4.29777 1.93492 0
4.95818 0.737483 0
4.98919 -0.212635 0
1.54587 -1.64387 0
4.96739 0.293102 0
-2.14384 0.752737 0
-0.902104 -4.90989 0
3.30093 -1.15697 0
-2.05267 -1.6232 0
1.30636 0.557548 0
0.770807 3.73139 0
0.672972 4.08988 0
-2.1344 -1.60405 0
-5.00212 0.542928 0
1.00366 1.18222 0
1.29263 -2.32892 0
-4.3186 1.12102 0
4.89504 0.802094 0
4.42733 1.08214 0
-0.239293 4.94396 0
-3.07741 -1.49045 0
-1.0389 2.49301 0
0.975427 3.25765 0
-1.98347 -1.63676 0
-4.87613 0.807933 0
-1.12903 -4.87949 0
-2.23146 0.777442 0
-4.98398 -0.62751 0
4.23568 -1.18596 0
4.981 -0.68336 0
0.691878 4.9136 0
4.98909 -0.379409 0
-4.13622 1.33018 0
1.71472 2.67053 0
-3.72463 1.5141 0
1.00885 3.20031 0
-1.57596 1.59847 0
-4.99319 0.398431 0
-1.47602 -3.84798 0
0.602173 -4.95075 0
4.97133 0.0423504 0
1.304 -1.7127 0
-1.04233 4.25648 0
-5.04098 -0.0894562 0
-5.0192 0.404006 0
4.35579 1.86614 0
-4.98479 0.286324 0
0.580794 -4.99266 0
-0.0594222 4.96404 0
-1.93295 -1.71149 0
1.07921 -3.31068 0
-1.32488 -1.94371 0
-4.99819 -0.502993 0
-3.75146 1.56763 0
-1.47726 3.3419 0
-2.24134 -1.47494 0
1.47652 2.20632 0
-4.29977 -1.12052 0
-1.37949 -1.96828 0
-0.349128 -5.02567 0
1.34774 -4.75976 0
1.74421 2.73558 0
1.10178 3.1928 0
4.41444 1.92444 0
-1.59849 -2.77515 0
1.05669 -2.90159 0
1.97642 -1.53513 0
4.89352 -0.717157 0
0.886571 -4.14681 0
-2.04037 1.46259 0
1.94177 -1.61907 0
1.15668 3.2335 0
-1.50767 -2.83573 0
2.11057 -1.46601 0
-3.72197 1.66224 0
-0.540304 -4.99545 0
1.23143 -1.78019 0
0.706479 -4.94073 0
-0.152206 -4.97838 0
-1.05761 -4.90211 0
4.39925 1.15049 0
-3.80976 1.66319 0
0.957727 3.64217 0
-1.37203 -4.22445 0
-4.92408 0.868535 0
-1.84719 1.88731 0
-3.03982 -1.13199 0
-1.54954 3.38117 0
-4.4936 0.953294 0
-4.70946 -1.17339 0
0.436294 -4.92492 0
-2.76226 1.02785 0
4.93573 -0.95129 0
5.01146 -0.580477 0
-1.07644 3.8436 0
-2.01453 -1.69651 0
-2.08124 1.43901 0
-4.94797 0.231441 0
-3.56444 -1.26275 0
-4.94918 0.800737 0
-3.00387 -1.55135 0
3.46052 -1.00611 0
1.35544 2.94303 0
-4.9411 0.843684 0
-1.59069 -4.26337 0
0.993818 1.25554 0
3.62629 1.25591 0
-1.58101 -4.3443 0
-2.29905 0.822682 0
-0.19254 -4.97671 0
2.12356 -1.51892 0
1.64426 2.78115 0
4.94452 0.697598 0
1.25632 -2.54554 0
-3.14067 0.946396 0
-1.44986 -2.87689 0
-4.94101 -0.685005 0
-0.818654 -4.96447 0
-4.57903 0.928117 0
1.39258 -1.73595 0
1.40683 -4.81262 0
4.56785 1.02211 0
-4.9533 0.946563 0
4.95297 -0.497861 0
4.36192 1.78442 0
-1.16466 2.30901 0
4.56706 -1.20876 0
-4.69932 -1.27225 0
1.10021 1.09614 0
3.08187 1.27455 0
5.00624 0.271138 0
-0.5477 -4.94075 0
1.30976 -3.68269 0
-5.03959 -0.25713 0
-4.98597 0.116172 0
-4.86222 -1.13237 0
4.94081 -0.719293 0
4.87652 -0.988444 0
-4.79057 -1.29852 0
1.2713 -3.46816 0
-2.04501 1.54558 0
-1.64381 -4.40561 0
-4.95132 -0.0493469 0
1.05136 -4.47748 0
-0.102905 -5.00744 0
0.443504 -5.01507 0
0.726886 3.99977 0
-0.636885 4.96123 0
1.40028 -3.70353 0
-4.96722 -0.368188 0
1.38516 -3.56203 0
-0.0449772 5.02319 0
1.50447 2.47201 0
-1.15818 4.18608 0
5.01997 0.3254 0
-3.5336 -1.32885 0
0.98701 3.56526 0
4.97471 -0.367916 0
-1.39055 -4.30705 0
0.817549 4.74029 0
0.653818 4.99889 0
1.21647 3.30134 0
-3.59558 -1.39712 0
1.12608 -1.9189 0
4.48776 1.92288 0
4.76344 -1.09406 0
0.951838 4.58271 0
-4.17191 1.38626 0
0.537598 -5.00515 0
1.17494 1.13311 0
-0.287466 4.95339 0
-4.89247 -0.780924 0
4.93852 0.883795 0
-5.04355 -0.0600143 0
-1.71715 -4.35199 0
-1.49386 1.6445 0
3.74265 -0.934702 0
-2.5813 -1.39731 0
-4.91329 -0.829505 0
1.18752 0.812035 0
1.0544 -2.77907 0
0.984311 -2.14583 0
2.6193 1.00521 0
-1.68687 1.68455 0
-0.083279 5.03777 0
-2.07752 1.09802 0
-0.888921 4.67438 0
-3.69797 -1.26184 0
4.57069 1.10661 0
-2.55066 -1.45554 0
-3.80245 1.46853 0
-3.62646 -1.49048 0
0.484519 -4.95376 0
-1.55959 -2.90807 0
1.91148 0.834066 0
0.964231 -4.94772 0
0.388892 4.95253 0
-4.19177 1.26733 0
-4.45291 1.06162 0
0.0392477 -4.9554 0
1.12234 1.21748 0
-0.407324 -4.9369 0
0.929402 4.67256 0
-0.570956 4.9647 0
-1.16747 3.82624 0
1.41745 2.98084 0
4.45159 1.19446 0
1.52891 -1.73044 0
-1.65259 -3.59067 0
-1.63465 -2.96452 0
1.13026 -2.91261 0
-4.95304 -0.727234 0
-4.89391 -0.73822 0
-1.03328 4.33642 0
-4.98292 -0.0245919 0
4.52276 2.00401 0
2.05591 -1.59147 0
4.34372 -1.14583 0
-1.70886 -3.64641 0
-2.64412 1.06759 0
-1.21038 2.23284 0
-1.39078 3.34979 0
4.93075 -0.921533 0
0.741076 4.15015 0
-3.88854 1.4205 0
5.00086 0.95588 0
0.935689 4.75908 0
-1.25359 4.21277 0
-3.59365 -1.5478 0
-4.87848 1.0113 0
-4.96723 -0.167364 0
-4.90786 -0.797127 0
-1.6327 3.43451 0
-1.95172 1.84565 0
2.71516 -0.881249 0
1.15756 -2.99597 0
-1.76143 -3.56198 0
-1.46789 1.74019 0
0.860774 -4.87257 0
-4.85193 0.921957 0
0.775147 4.90561 0
1.22533 3.38585 0
-1.22416 -4.77957 0
1.45477 3.06814 0
-2.03827 1.87759 0
-4.94161 -0.488736 0
-3.85631 1.50795 0
-2.9332 1.00429 0
1.09674 -3.62015 0
-2.54317 -1.52265 0
-1.42312 1.80423 0
-3.92744 1.49997 0
2.38403 -0.847539 0
-3.63722 -1.62122 0
0.0289382 -5.00188 0
1.18127 -2.85835 0
3.27577 1.10669 0
4.53805 1.23765 0
-4.88135 -1.15467 0
2.7598 -0.962376 0
1.53329 2.39444 0
1.11246 -4.84701 0
1.31236 -2.59747 0
2.26578 0.990352 0
4.63883 -1.25061 0
-0.487203 -4.96589 0
1.28982 -4.85314 0
1.23841 -4.81169 0
4.83348 0.857924 0
4.91858 0.702882 0
1.60158 2.46388 0
4.88625 -1.05333 0
-4.3226 1.20288 0
-1.2332 1.86896 0
3.96794 1.48203 0
0.332356 -5.01018 0
-0.444303 -4.94168 0
-1.18307 -1.99966 0
-5.03202 -0.0767385 0
-1.77232 -4.42653 0
1.93554 -1.66509 0
2.7479 -1.0308 0
4.10659 1.21525 0
1.74728 2.60662 0
-1.00703 4.83488 0
1.13156 -3.69644 0
0.994511 4.79741 0
-0.961441 4.91861 0
4.38416 -1.22682 0
1.02057 -4.88802 0
-4.98448 0.425643 0
4.73852 -1.15755 0
1.18228 -1.96982 0
4.66579 -1.32539 0
-1.60223 -1.77557 0
4.94132 0.632487 0
-4.20474 1.47085 0
1.07632 4.80207 0
4.64673 1.15865 0
0.802563 4.93457 0
-3.7261 -1.64662 0
4.52402 2.07989 0
2.24158 -1.05612 0
-3.90631 1.63879 0
2.80895 -1.04439 0
1.78452 2.81833 0
5.00259 -0.0200416 0
-1.22466 -4.79963 0
-0.980818 3.34102 0
1.86528 2.83994 0
-2.16536 1.42321 0
2.1663 -1.09764 0
4.78824 -1.21916 0
1.2731 -2.42173 0
1.67227 2.42699 0
-1.24867 2.35036 0
4.80073 -1.17526 0
-0.567712 4.97269 0
-1.20586 -4.81818 0
1.38006 -2.63952 0
-4.8736 1.10174 0
1.36048 0.63559 0
-0.51332 4.99392 0
-2.46963 -1.52991 0
-4.9767 -0.356051 0
0.208152 -4.99832 0
-4.50583 1.13513 0
0.116724 4.98695 0
-1.23976 3.8652 0
-3.71447 -1.4821 0
1.25828 -1.92235 0
-4.11285 1.48087 0
-4.99849 0.29034 0
-3.20736 0.984903 0
-0.995281 4.88789 0
0.529582 -3.12002 0
-2.16899 -1.67623 0
2.11339 -1.63391 0
-2.1475 1.1506 0
4.72224 1.22084 0
-4.77645 -1.36402 0
-4.90217 0.98682 0
-5.0297 0.267635 0
1.1438 1.29655 0
1.39909 0.722257 0
-1.73305 -2.95391 0
1.62644 -1.72987 0
-4.9368 -0.838556 0
-2.24225 -1.73116 0
1.17114 -3.78549 0
1.23472 -2.02166 0
-1.24048 3.80273 0
5.01641 0.0726276 0
-1.79538 -3.66655 0
4.95222 0.109414 0
1.66369 -1.78301 0
-1.33659 2.39139 0
1.22572 -3.05459 0
1.21417 -3.85536 0
4.91605 0.586937 0
-1.1049 2.55906 0
2.15721 -1.70787 0
0.816024 3.79607 0
-1.63884 -1.85054 0
2.2182 -1.66251 0
-1.59071 -4.10877 0
-5.02788 -0.247705 0
0.602961 4.98334 0
-5.03133 0.226103 0
2.40962 -1.01995 0
2.39777 -1.11866 0
1.24527 -3.9305 0
-4.79604 -1.20562 0
4.8152 -1.25477 0
3.51291 1.27499 0
-0.728633 -4.96887 0
1.42266 3.15702 0
-3.14322 -1.5221 0
4.71316 -1.35273 0
-4.96734 -0.528875 0
-0.798371 -4.94708 0
1.71291 -1.83939 0
-3.60707 -1.70177 0
0.969349 4.85047 0
1.23548 1.13717 0
1.43528 -4.79749 0
-1.2945 3.72207 0
5.02317 0.440314 0
-1.30266 -4.74207 0
-1.2566 -4.86145 0
-0.279103 4.94278 0
-3.04091 -1.63644 0
2.22577 1.07834 0
5.01164 -0.321585 0
2.63844 -0.905199 0
1.94645 2.84091 0
2.84182 -1.12717 0
-4.91597 0.679759 0
-0.0340937 5.02102 0
-2.2349 1.3936 0
-2.13608 1.57608 0
-1.7028 3.48301 0
-4.90169 1.03751 0
-4.86896 -1.07495 0
-0.632226 -4.95867 0
-2.71939 1.09314 0
-2.31089 -1.68854 0
-1.41452 -2.04981 0
-4.8739 -1.09119 0
2.50661 -1.03582 0
0.475384 4.9776 0
4.66264 -1.41358 0
-4.3909 1.25181 0
1.07919 4.85578 0
-4.71249 -1.43523 0
1.47144 -2.59949 0
1.1357 4.84498 0
0.378239 4.97473 0
-0.028687 -4.97338 0
-4.95079 -0.858168 0
-0.817979 -4.93509 0
4.98037 0.545748 0
5.0239 -0.126357 0
-1.80142 -4.31482 0
1.00371 4.89193 0
-1.77671 1.95342 0
-1.60436 -3.03159 0
-4.41206 1.33584 0
1.9693 2.8952 0
-2.47262 -1.59852 0
0.72811 -4.99044 0
-0.250067 5.01718 0
-0.69441 -4.90318 0
-4.89826 1.13427 0
5.00402 -0.406045 0
1.4875 -3.70122 0
-3.08151 -1.72054 0
0.814313 3.89603 0
-2.09953 1.88297 0
-4.98789 0.287889 0
-2.29316 -1.79517 0
-1.22149 -4.84845 0
0.830572 4.11864 0
-5.02733 -0.162679 0
-2.1131 0.902103 0
-3.82884 1.71995 0
1.96344 2.9933 0
4.99767 0.327264 0
-4.90686 -0.84395 0
1.25092 -2.81392 0
-1.07388 -2.39719 0
-0.261587 -4.96159 0
-4.62237 -1.39196 0
4.58361 1.2764 0
1.78402 0.8058 0
-1.42457 1.89339 0
1.53862 3.10993 0
-0.835562 -4.30548 0
1.30752 3.4028 0
1.95109 3.06663 0
-3.23018 -1.51849 0
-0.14835 5.00941 0
-2.36432 -1.85284 0
-2.30506 -1.92569 0
1.03423 4.46387 0
4.97452 -0.436053 0
-1.56826 3.48703 0
2.96102 1.22305 0
-4.42889 1.40611 0
-4.37114 1.43547 0
-1.8613 -3.64769 0
0.382943 -4.94587 0
-1.0075 4.88385 0
-3.26948 -1.60505 0
-2.24086 -1.91792 0
-4.97711 0.0295912 0
-1.84432 -4.43681 0
-1.45362 1.97618 0
0.371961 4.93839 0
-4.08271 1.55049 0
2.31568 -1.66961 0
0.97817 3.72227 0
-1.43654 -2.14529 0
-1.4897 -2.06813 0
0.767797 4.96005 0
2.3169 -1.17636 0
-1.91757 1.95514 0
3.12634 1.34292 0
1.37086 -4.85084 0
-1.36258 2.48488 0
2.02887 3.08 0
-1.72926 -1.81468 0
-1.35725 3.71481 0
-1.48119 -2.21935 0
1.434 -4.82074 0
0.545974 -4.98739 0
1.29339 -3.98518 0
4.87303 -1.21138 0
-2.45107 -1.69264 0
-2.2892 1.33943 0
-4.54331 1.20688 0
1.67022 -1.91106 0
-0.850531 4.93889 0
-0.902842 -4.93755 0
4.57992 1.93624 0
0.45019 -4.9444 0
-4.57006 -1.43501 0
-1.38089 2.5666 0
-1.05487 -4.87024 0
-2.26212 0.898501 0
1.19928 1.3543 0
4.63448 0.961988 0
-3.8058 -1.64479 0
4.63441 2.00634 0
2.15146 1.13156 0
1.47994 3.22018 0
5.03809 -0.0428853 0
2.34093 -1.74857 0
1.06884 3.76299 0
-1.06616 4.86021 0
-1.93722 -3.59128 0
0.435124 -4.97138 0
-3.74713 -1.31902 0
0.927131 4.12829 0
-0.0192651 -4.9629 0
1.94472 3.13114 0
1.90084 -1.75214 0
-3.6009 -1.75897 0
0.116298 5.02497 0
-5.02208 -0.230424 0
-1.35224 -4.75904 0
4.98242 0.465364 0
-1.57933 -2.10117 0
-1.16767 -4.8743 0
0.102239 5.00992 0
1.3891 3.45266 0
-3.80578 -1.50636 0
4.85475 -1.07766 0
0.449706 5.02572 0
4.08018 -1.25958 0
5.01716 0.311185 0
-2.13034 1.94933 0
2.08746 3.12201 0
-4.95649 -0.103583 0
-0.17002 5.0396 0
-2.35341 1.41128 0
-0.471714 -4.97301 0
-1.76549 -3.04554 0
4.94248 1.02494 0
-2.89345 1.07195 0
-1.61922 3.2702 0
1.51418 -1.82199 0
-4.60346 1.20645 0
-1.32768 4.26852 0
-1.67325 3.54537 0
4.74873 -1.45626 0
-4.81374 -1.37687 0
-4.83533 -1.08697 0
1.20833 -4.80237 0
2.34895 -1.83876 0
1.72548 2.3965 0
-3.597 -1.83977 0
1.35621 -4.05745 0
2.40902 -1.78744 0
2.48304 0.823848 0
1.01365 4.93167 0
4.65786 1.87464 0
-1.94186 2.03227 0
1.32829 -3.93001 0
-4.95067 0.15911 0
-2.40622 1.48385 0
4.59963 -1.47561 0
4.96365 -0.148626 0
2.32392 1.05781 0
1.47024 3.46031 0
-1.55794 -2.17203 0
-1.85616 -3.06185 0
-2.55985 -1.63033 0
-2.34519 -1.99655 0
1.27083 1.30149 0
-0.61422 4.99867 0
1.44912 -4.7347 0
-3.6681 -1.7548 0
-4.9519 -0.280651 0
1.54171 -2.61136 0
-1.32221 4.1406 0
-4.92681 0.459332 0
1.34603 3.5334 0
2.47962 -1.85542 0
-0.0790527 4.95702 0
-4.94322 -0.470325 0
3.61591 -0.950473 0
4.55295 1.34325 0
4.62488 2.01297 0
-2.23052 1.59189 0
5.01033 -0.233496 0
1.51965 3.52843 0
3.30338 -1.22632 0
1.96757 -1.80574 0
1.50389 -4.79993 0
-3.62939 -1.92974 0
4.89002 -0.891765 0
2.83234 1.04611 0
1.79055 2.3285 0
4.88655 1.06302 0
2.56078 -1.80082 0
-1.91071 -3.71159 0
-5.0301 0.267602 0
-0.383982 5.01799 0
-2.38226 -2.05908 0
4.71426 1.31298 0
2.50353 -1.94745 0
-1.95006 -3.06985 0
-0.143624 -5.01338 0
1.30701 1.38654 0
1.08734 4.50276 0
-1.62689 -3.91301 0
-0.0435938 -5.03459 0
1.79869 2.26259 0
0.86924 3.87158 0
1.38708 -4.83554 0
4.6065 -1.56167 0
-1.20914 -4.8399 0
4.98234 -0.0144176 0
0.975267 4.139 0
-1.44107 3.74049 0
3.60241 -1.01961 0
4.24571 2.00639 0
4.88767 -0.956841 0
1.5793 -4.75607 0
2.08962 3.21667 0
1.55281 3.60089 0
4.99803 0.141164 0
-1.90816 -2.9813 0
0.592612 4.95209 0
-1.38776 4.14929 0
-2.00097 -3.65016 0
2.30638 1.13639 0
1.34952 -4.8357 0
-3.80296 -1.71209 0
-4.66522 1.25993 0
1.54122 3.69411 0
2.55458 -1.08912 0
1.60799 3.72589 0
4.99151 -0.622246 0
0.04469 5.03728 0
2.2862 -1.84205 0
0.241268 -4.99621 0
-4.83545 -1.29238 0
-2.60441 -1.55937 0
1.39525 1.36645 0
1.06996 4.11205 0
4.65378 1.80762 0
1.1682 -4.83649 0
-1.6343 -4.04591 0
4.91491 0.682677 0
0.484403 -4.99704 0
1.58369 -4.72487 0
1.85451 2.1943 0
-1.33334 -4.67473 0
2.93569 1.29882 0
-0.969394 4.94251 0
2.30641 -1.92952 0
-4.28471 1.52895 0
-3.72617 -1.7857 0
-1.20361 -4.82792 0
2.37648 1.16499 0
-4.11923 1.63142 0
-4.34347 1.568 0
-4.95586 -0.750237 0
4.76181 1.39451 0
0.853966 4.93681 0
1.17052 4.85843 0
0.109356 5.03915 0
-1.76424 2.03546 0
-5.02277 0.195732 0
0.264579 4.95491 0
3.38674 -1.25289 0
4.90114 -0.97398 0
1.45086 -3.4938 0
4.90809 -0.904946 0
2.11152 1.17029 0
0.120231 4.95236 0
-2.68972 1.15209 0
-0.133845 4.97341 0
-2.19903 2.01256 0
4.94818 -0.27574 0
4.98045 0.398277 0
-4.94839 -0.047595 0
-1.11892 4.83012 0
-2.39806 -2.11682 0
-1.42934 2.0662 0
1.20787 0.909279 0
1.08337 4.71575 0
1.47904 3.75524 0
-1.28118 2.17167 0
1.8407 2.71921 0
2.27447 -1.22628 0
-2.50006 -1.77208 0
1.10742 4.17545 0
-4.8381 -1.07249 0
-1.45657 2.46536 0
2.09788 3.06258 0
-1.36566 2.18247 0
-1.34058 4.34624 0
